block_seq_num,block_var_num,block_route_num,block_run_num
5906508,1,12,1
5906509,1,12,2
5906510,1,12,3
5906511,1,12,5
5906512,1,12,4
5906513,1,12,6
5906514,1,12,7
5906515,1,12,8
5906516,1,12,9
5906517,1,12,10
5906518,1,36,1
5906519,1,36,2
5906520,1,36,3
5906521,1,36,6
5906522,1,36,8
5906523,1,36,9
5906524,1,36,10
5906525,1,36,11
5906526,1,36,12
5906527,1,36,13
5906528,1,36,14
5906529,1,36,17
5906530,1,36,19
5906531,1,36,21
5906532,1,36,23
5906533,1,36,4
5906534,1,36,7
5906535,1,36,20
5906536,1,36,15
5906537,1,36,16
5906538,1,36,22
5906539,1,2,3
5906540,1,2,2
5906541,1,2,4
5906542,1,2,5
5906543,1,2,6
5906544,1,2,7
5906545,1,2,8
5906546,1,2,10
5906547,1,2,9
5906548,1,2,11
5906549,1,2,13
5906550,1,2,15
5906551,1,2,17
5906552,1,2,19
5906553,1,2,12
5906554,1,2,16
5906555,1,70,2
5906556,1,70,1
5906557,1,36,18
5906558,1,36,5
5906559,1,44,9
5906560,1,44,12
5906561,1,44,1
5906562,1,44,2
5906563,1,44,4
5906564,1,44,10
5906565,1,44,14
5906566,1,44,15
5906567,1,44,17
5906568,1,44,18
5906569,1,44,24
5906570,1,7,28
5906571,1,7,27
5906572,1,7,26
5906573,1,7,29
5906574,1,7,23
5906575,1,7,25
5906576,1,7,24
5906577,1,7,21
5906578,1,7,22
5906579,1,7,17
5906580,1,7,18
5906581,1,7,20
5906582,1,7,15
5906583,1,7,12
5906584,1,7,14
5906585,1,7,11
5906586,1,7,10
5906587,1,7,9
5906588,1,7,8
5906589,1,7,7
5906590,1,7,6
5906591,1,7,4
5906592,1,7,3
5906593,1,7,2
5906594,1,7,5
5906595,1,7,16
5906596,1,7,1
5906597,1,2,20
5906598,1,70,3
5906599,1,70,4
5906600,1,70,7
5906601,1,70,8
5906602,1,70,9
5906603,1,70,10
5906604,1,70,11
5906605,1,70,5
5906606,1,70,17
5906607,1,70,19
5906608,1,70,12
5906609,1,70,15
5906610,1,44,21
5906611,1,70,16
5906612,1,44,20
5906613,1,2,14
5906614,1,2,18
5906615,1,2,1
5906616,1,3,1
5906617,1,3,2
5906618,1,3,3
5906619,1,3,5
5906620,1,3,17
5906621,1,3,7
5906622,1,3,8
5906623,1,3,9
5906624,1,3,11
5906625,1,3,13
5906626,1,3,14
5906627,1,3,15
5906628,1,3,18
5906629,1,3,19
5906630,1,3,20
5906631,1,1,1
5906632,1,1,2
5906633,1,1,3
5906634,1,1,4
5906635,1,1,5
5906636,1,1,6
5906637,1,1,7
5906638,1,1,9
5906639,1,1,8
5906640,1,1,11
5906641,1,1,12
5906642,1,673,47
5906643,1,673,50
5906644,1,673,2
5906645,1,673,3
5906646,1,673,4
5906647,1,673,5
5906648,1,673,6
5906649,1,673,7
5906650,1,673,8
5906651,1,673,9
5906652,1,673,10
5906653,1,673,13
5906654,1,673,14
5906655,1,673,15
5906656,1,673,16
5906657,1,673,17
5906658,1,673,18
5906659,1,673,20
5906660,1,673,21
5906661,1,673,22
5906662,1,673,23
5906663,1,673,24
5906664,1,673,26
5906665,1,673,27
5906666,1,673,29
5906667,1,673,30
5906668,1,673,32
5906669,1,673,33
5906670,1,673,34
5906671,1,673,35
5906672,1,673,38
5906673,1,673,39
5906674,1,673,40
5906675,1,673,41
5906676,1,673,43
5906677,1,673,44
5906678,1,673,45
5906679,1,673,46
5906680,1,673,12
5906681,1,673,28
5906682,1,673,36
5906683,1,1,10
5906684,1,44,11
5906685,1,44,22
5906686,1,44,13
5906687,1,673,31
5906688,1,70,13
5906689,1,70,14
5906690,1,3,6
5906691,1,70,18
5906692,1,44,23
5906693,1,3,10
5906694,1,3,4
5906695,1,10,1
5906696,1,10,2
5906697,1,10,3
5906698,1,10,4
5906699,1,10,5
5906700,1,10,6
5906701,1,10,7
5906702,1,10,8
5906703,1,10,9
5906704,1,10,10
5906705,1,3,16
5906706,1,7,19
5906707,1,7,13
5906708,1,44,6
5906709,1,44,3
5906710,1,44,7
5906711,1,44,8
5906712,1,44,16
5906713,1,44,19
5906714,1,44,5
5906715,1,673,11
5906716,1,673,42
5906717,1,673,37
5906718,1,673,25
5906719,1,673,19
5906720,1,3,12
5906721,1,120,1
5906722,1,120,2
5906723,1,120,3
5906724,1,120,12
5906725,1,120,4
5906726,1,120,5
5906727,1,120,17
5906728,1,120,6
5906729,1,120,19
5906730,1,120,7
5906731,1,120,8
5906732,1,120,9
5906733,1,120,11
5906734,1,120,13
5906735,1,120,14
5906736,1,120,16
5906737,1,120,18
5906738,1,120,20
5906739,1,120,21
5906740,1,120,22
5906741,1,120,24
5906742,1,120,25
5906743,1,120,26
5906744,1,120,28
5906745,1,120,29
5906746,1,120,30
5906747,1,120,31
5906748,1,120,32
5906749,1,120,27
5906750,1,120,33
5906751,1,120,34
5906752,1,120,10
5906753,1,120,15
5906754,1,120,23
5906755,1,12,1
5906756,1,12,2
5906757,1,7,1
5906758,1,7,2
5906759,1,7,3
5906760,1,7,4
5906761,1,7,5
5906762,1,7,7
5906763,1,7,6
5906764,1,7,8
5906765,1,7,12
5906766,1,7,9
5906767,1,7,10
5906768,1,7,13
5906769,1,7,14
5906770,1,7,15
5906771,1,7,16
5906772,1,7,17
5906773,1,7,18
5906774,1,7,19
5906775,1,36,1
5906776,1,36,2
5906777,1,36,3
5906778,1,36,4
5906779,1,36,5
5906780,1,36,6
5906781,1,36,7
5906782,1,36,8
5906783,1,36,9
5906784,1,1,1
5906785,1,1,2
5906786,1,1,3
5906787,1,1,4
5906788,1,2,1
5906789,1,2,2
5906790,1,2,3
5906791,1,2,4
5906792,1,3,1
5906793,1,3,2
5906794,1,3,3
5906795,1,3,4
5906796,1,3,5
5906797,1,3,6
5906798,1,3,7
5906799,1,3,8
5906800,1,3,9
5906801,1,70,1
5906802,1,70,2
5906803,1,70,3
5906804,1,70,4
5906805,1,70,5
5906806,1,70,8
5906807,1,70,6
5906808,1,70,7
5906809,1,673,1
5906810,1,673,2
5906811,1,673,3
5906812,1,673,4
5906813,1,673,5
5906814,1,673,6
5906815,1,673,7
5906816,1,673,8
5906817,1,673,9
5906818,1,673,10
5906819,1,673,11
5906820,1,673,12
5906821,1,44,1
5906822,1,44,2
5906823,1,44,3
5906824,1,44,4
5906825,1,44,5
5906826,1,44,6
5906827,1,44,7
5906828,1,673,13
5906829,1,10,1
5906830,1,10,2
5906831,1,7,11
5906832,1,120,3
5906833,1,120,1
5906834,1,120,2
5906835,1,120,4
5906836,1,120,5
5906837,1,120,6
5906838,1,120,7
5906839,1,120,8
5906840,1,120,9
5906841,1,120,11
5906842,1,120,12
5906843,1,120,10
5906844,1,120,13
5906845,1,120,14
5906846,1,120,15
5906847,1,120,16
5906848,1,120,18
5906849,1,120,17
5906850,1,12,2
5906851,1,12,1
5906852,1,7,1
5906853,1,7,2
5906854,1,7,3
5906855,1,7,4
5906856,1,7,5
5906857,1,7,6
5906858,1,7,7
5906859,1,7,8
5906860,1,7,9
5906861,1,7,11
5906862,1,7,10
5906863,1,7,12
5906864,1,7,13
5906865,1,7,14
5906866,1,7,15
5906867,1,7,16
5906868,1,7,17
5906869,1,7,18
5906870,1,7,19
5906871,1,36,1
5906872,1,36,2
5906873,1,36,3
5906874,1,36,4
5906875,1,36,5
5906876,1,36,6
5906877,1,36,10
5906878,1,36,11
5906879,1,10,1
5906880,1,10,2
5906881,1,36,7
5906882,1,36,8
5906883,1,36,9
5906884,1,70,1
5906885,1,70,2
5906886,1,70,3
5906887,1,70,4
5906888,1,70,5
5906889,1,70,6
5906890,1,70,7
5906891,1,673,1
5906892,1,673,2
5906893,1,673,3
5906894,1,673,4
5906895,1,673,5
5906896,1,673,6
5906897,1,673,7
5906898,1,673,8
5906899,1,673,9
5906900,1,673,10
5906901,1,673,11
5906902,1,673,12
5906903,1,673,13
5906904,1,1,1
5906905,1,1,2
5906906,1,1,3
5906907,1,1,4
5906908,1,1,5
5906909,1,2,1
5906910,1,2,2
5906911,1,2,3
5906912,1,2,4
5906913,1,3,1
5906914,1,3,4
5906915,1,3,2
5906916,1,3,3
5906917,1,3,5
5906918,1,3,6
5906919,1,3,7
5906920,1,3,8
5906921,1,3,9
5906922,1,44,1
5906923,1,44,7
5906924,1,44,2
5906925,1,44,3
5906926,1,44,4
5906927,1,44,6
5906928,1,44,5
5906929,1,120,3
5906930,1,120,5
5906931,1,120,1
5906932,1,120,2
5906933,1,120,4
5906934,1,120,6
5906935,1,120,8
5906936,1,120,7
5906937,1,120,9
5906938,1,120,10
5906939,1,120,11
5906940,1,120,13
5906941,1,120,12
5906942,1,120,14
5906943,1,120,15
5906944,1,120,16
5906946,1,5,7
5906947,1,5,2
5906948,1,5,4
5906949,1,5,10
5906950,1,5,9
5906951,1,5,3
5906952,1,5,15
5906953,1,5,6
5906954,1,5,12
5906955,1,21,1
5906956,1,56,2
5906957,1,74,1
5906958,1,21,9
5906959,1,56,1
5906960,1,74,2
5906961,1,21,2
5906962,1,57,5
5906963,1,74,4
5906964,1,57,2
5906965,1,21,4
5906966,1,21,10
5906967,1,56,4
5906968,1,56,6
5906969,1,56,5
5906970,1,57,1
5906971,1,5,11
5906972,1,21,5
5906973,1,21,11
5906974,1,21,3
5906975,1,56,3
5906976,1,57,4
5906977,1,55,1
5906978,1,55,6
5906979,1,21,12
5906980,1,21,13
5906981,1,21,8
5906982,1,106,1
5906983,1,106,3
5906984,1,106,8
5906985,1,106,10
5906986,1,106,12
5906987,1,106,2
5906988,1,106,5
5906989,1,106,13
5906990,1,106,11
5906991,1,106,6
5906992,1,106,4
5906993,1,106,7
5906994,1,55,9
5906995,1,106,14
5906998,1,5,1
5906999,1,60,1
5907000,1,60,2
5907001,1,60,3
5907002,1,60,4
5907003,1,60,5
5907004,1,60,7
5907005,1,60,8
5907006,1,60,10
5907007,1,60,9
5907008,1,60,12
5907009,1,60,14
5907010,1,60,16
5907011,1,60,13
5907012,1,5,21
5907013,1,60,15
5907014,1,11,1
5907015,1,40,1
5907016,1,5,24
5907017,1,5,23
5907018,1,55,4
5907021,1,55,5
5907022,1,57,3
5907023,1,309,1
5907024,1,309,2
5907025,1,309,3
5907026,1,309,4
5907027,1,309,6
5907028,1,309,7
5907029,1,309,8
5907030,1,55,3
5907031,1,5,19
5907032,1,21,7
5907033,1,57,6
5907034,1,57,7
5907035,1,5,16
5907036,1,5,13
5907037,1,309,5
5907038,1,40,2
5907039,1,40,4
5907040,1,40,27
5907041,1,40,3
5907042,1,40,17
5907043,1,40,7
5907044,1,40,5
5907045,1,40,10
5907046,1,40,6
5907047,1,40,12
5907048,1,60,6
5907049,1,40,8
5907050,1,40,11
5907051,1,40,16
5907052,1,40,9
5907053,1,55,7
5907054,1,40,15
5907055,1,40,18
5907056,1,40,14
5907057,1,40,19
5907058,1,40,21
5907060,1,60,11
5907061,1,11,4
5907062,1,11,3
5907063,1,74,3
5907064,1,74,5
5907065,1,74,6
5907066,1,74,7
5907067,1,74,9
5907068,1,74,10
5907069,1,74,11
5907070,1,74,12
5907071,1,74,13
5907072,1,74,14
5907073,1,74,15
5907074,1,74,8
5907075,1,5,20
5907076,1,55,2
5907077,1,56,7
5907078,1,55,8
5907079,1,5,8
5907080,1,5,5
5907081,1,5,25
5907082,1,5,17
5907083,1,5,14
5907084,1,21,6
5907085,1,40,37
5907086,1,40,32
5907087,1,40,33
5907088,1,11,5
5907089,1,11,7
5907090,1,11,8
5907091,1,11,2
5907092,1,11,6
5907093,1,5,22
5907094,1,40,36
5907095,1,40,35
5907096,1,40,34
5907097,1,40,31
5907100,1,5,18
5907101,1,21,14
5907102,1,675,4
5907103,1,675,2
5907104,1,675,1
5907105,1,675,6
5907106,1,675,10
5907107,1,675,14
5907108,1,675,19
5907109,1,675,24
5907110,1,675,13
5907111,1,675,22
5907112,1,675,15
5907113,1,675,12
5907114,1,675,16
5907115,1,675,7
5907116,1,675,3
5907117,1,675,25
5907118,1,675,28
5907119,1,675,42
5907120,1,674,10
5907121,1,674,29
5907122,1,675,5
5907123,1,675,9
5907124,1,674,11
5907125,1,674,16
5907126,1,674,15
5907127,1,674,1
5907128,1,674,2
5907129,1,674,3
5907130,1,674,4
5907131,1,674,5
5907132,1,674,6
5907133,1,674,7
5907134,1,674,8
5907135,1,674,9
5907136,1,675,11
5907137,1,674,12
5907138,1,674,14
5907139,1,675,17
5907140,1,675,23
5907141,1,674,17
5907142,1,675,26
5907143,1,675,27
5907144,1,674,21
5907145,1,674,22
5907146,1,674,23
5907147,1,674,24
5907148,1,675,35
5907149,1,675,39
5907150,1,675,41
5907151,1,675,29
5907152,1,675,20
5907153,1,675,18
5907154,1,675,40
5907155,1,675,8
5907156,1,675,21
5907157,1,675,38
5907158,1,675,30
5907159,1,675,45
5907160,1,675,46
5907161,1,675,36
5907162,1,675,44
5907163,1,675,33
5907164,1,675,37
5907165,1,675,31
5907166,1,106,18
5907167,1,106,16
5907168,1,675,43
5907169,1,675,32
5907170,1,675,34
5907171,1,674,20
5907172,1,674,25
5907173,1,674,26
5907174,1,674,27
5907175,1,674,13
5907176,1,674,18
5907177,1,674,28
5907178,1,60,17
5907179,1,106,9
5907180,1,106,15
5907181,1,674,19
5907182,1,40,25
5907183,1,40,20
5907184,1,40,13
5907185,1,40,24
5907186,1,40,23
5907187,1,40,38
5907188,1,40,39
5907189,1,40,29
5907190,1,40,28
5907191,1,40,22
5907192,1,40,30
5907193,1,106,17
5907194,1,40,26
5907196,1,40,5
5907197,1,40,4
5907198,1,40,9
5907199,1,40,8
5907200,1,40,11
5907201,1,40,13
5907202,1,5,2
5907203,1,5,3
5907204,1,5,4
5907205,1,5,5
5907206,1,5,6
5907207,1,5,7
5907208,1,5,8
5907209,1,5,9
5907210,1,5,11
5907211,1,5,19
5907212,1,60,1
5907213,1,60,2
5907214,1,60,3
5907215,1,60,4
5907216,1,106,1
5907217,1,106,2
5907218,1,106,3
5907219,1,106,4
5907220,1,106,5
5907221,1,106,6
5907222,1,106,7
5907223,1,106,8
5907224,1,106,9
5907225,1,106,10
5907226,1,106,11
5907227,1,5,1
5907228,1,11,1
5907229,1,11,2
5907230,1,11,3
5907231,1,5,13
5907232,1,5,14
5907233,1,40,7
5907234,1,40,10
5907235,1,40,6
5907236,1,40,2
5907237,1,40,1
5907238,1,60,6
5907239,1,40,3
5907240,1,60,9
5907241,1,60,7
5907242,1,5,18
5907243,1,5,15
5907244,1,5,10
5907245,1,5,12
5907246,1,5,17
5907247,1,40,19
5907248,1,40,12
5907249,1,40,18
5907250,1,40,15
5907251,1,11,4
5907252,1,11,5
5907253,1,40,17
5907254,1,5,16
5907255,1,40,16
5907256,1,40,14
5907257,1,40,20
5907258,1,60,5
5907259,1,674,1
5907260,1,674,2
5907261,1,674,3
5907262,1,674,4
5907263,1,674,6
5907264,1,674,8
5907265,1,674,7
5907266,1,675,1
5907267,1,675,2
5907268,1,675,3
5907269,1,675,5
5907270,1,675,6
5907271,1,675,7
5907272,1,675,9
5907273,1,675,10
5907274,1,675,22
5907275,1,675,14
5907276,1,675,13
5907277,1,675,18
5907278,1,675,19
5907279,1,674,14
5907280,1,674,13
5907281,1,675,21
5907282,1,675,20
5907283,1,675,15
5907284,1,675,16
5907285,1,675,4
5907286,1,675,8
5907287,1,675,11
5907288,1,675,12
5907289,1,675,17
5907290,1,674,5
5907291,1,674,9
5907292,1,106,13
5907293,1,106,12
5907294,1,674,12
5907295,1,674,11
5907296,1,674,10
5907297,1,60,8
5907299,1,5,2
5907300,1,5,3
5907301,1,5,4
5907302,1,5,5
5907303,1,5,7
5907304,1,60,1
5907305,1,60,2
5907306,1,60,3
5907307,1,5,1
5907308,1,11,1
5907309,1,11,2
5907310,1,106,1
5907311,1,106,4
5907312,1,106,3
5907313,1,106,7
5907314,1,106,6
5907315,1,106,8
5907316,1,106,2
5907317,1,106,5
5907318,1,106,10
5907319,1,106,9
5907320,1,106,11
5907321,1,11,5
5907322,1,40,2
5907323,1,40,1
5907324,1,40,4
5907325,1,40,3
5907326,1,40,5
5907327,1,40,6
5907328,1,40,8
5907329,1,40,7
5907330,1,40,10
5907331,1,40,9
5907332,1,60,6
5907333,1,5,6
5907334,1,5,13
5907335,1,5,10
5907336,1,5,9
5907337,1,5,8
5907338,1,40,12
5907339,1,40,17
5907340,1,40,15
5907341,1,40,13
5907342,1,40,11
5907343,1,40,14
5907344,1,106,13
5907345,1,11,4
5907346,1,11,3
5907347,1,5,11
5907348,1,5,12
5907349,1,40,16
5907350,1,60,4
5907351,1,60,5
5907352,1,674,2
5907353,1,674,1
5907354,1,674,3
5907355,1,674,4
5907356,1,674,6
5907357,1,674,7
5907358,1,674,8
5907359,1,675,1
5907360,1,675,2
5907361,1,675,3
5907362,1,675,4
5907363,1,675,5
5907364,1,675,6
5907365,1,675,7
5907366,1,675,8
5907367,1,675,9
5907368,1,675,10
5907369,1,675,11
5907370,1,675,12
5907371,1,675,14
5907372,1,675,13
5907373,1,675,21
5907374,1,675,20
5907375,1,675,19
5907376,1,675,18
5907377,1,675,17
5907378,1,675,16
5907379,1,675,15
5907380,1,675,22
5907381,1,674,14
5907382,1,674,13
5907383,1,674,12
5907384,1,674,11
5907385,1,674,10
5907386,1,674,5
5907387,1,674,9
5907388,1,106,12
5907389,1,60,8
5907390,1,60,7
5907406,1,271,2
5907407,1,271,3
5907408,1,271,4
5907409,1,271,5
5907410,1,271,6
5907411,1,271,7
5907412,1,271,1
5907413,1,221,1
5907414,1,245,5
5907415,1,245,4
5907416,1,245,3
5907417,1,245,2
5907418,1,221,2
5907419,1,245,1
5907420,1,226,1
5907421,1,226,2
5907422,1,226,3
5907423,1,240,4
5907424,1,240,2
5907425,1,240,5
5907426,1,240,1
5907427,1,240,3
5907428,1,240,6
5907429,1,225,1
5907430,1,225,2
5907431,1,225,3
5907432,1,250,1
5907433,1,250,2
5907434,1,250,3
5907435,1,250,4
5907436,1,230,1
5907437,1,230,2
5907438,1,230,3
5907439,1,239,1
5907440,1,239,2
5907441,1,239,3
5907442,1,239,4
5907443,1,250,5
5907444,1,221,2
5907445,1,221,3
5907448,1,226,6
5907449,1,221,1
5907450,1,221,6
5907451,1,221,4
5907452,1,226,1
5907453,1,226,2
5907454,1,226,3
5907455,1,226,4
5907456,1,226,5
5907457,1,226,10
5907458,1,226,7
5907459,1,226,8
5907460,1,226,9
5907461,1,239,1
5907462,1,239,2
5907463,1,239,3
5907464,1,239,4
5907465,1,230,4
5907466,1,230,5
5907467,1,230,6
5907468,1,230,8
5907469,1,230,1
5907470,1,230,2
5907471,1,230,3
5907472,1,230,7
5907473,1,230,9
5907474,1,208,1
5907475,1,221,5
5907477,1,225,1
5907478,1,225,2
5907479,1,225,3
5907480,1,225,4
5907481,1,225,5
5907482,1,225,6
5907483,1,225,7
5907484,1,225,8
5907485,1,225,9
5907486,1,250,1
5907487,1,250,2
5907488,1,250,3
5907489,1,250,4
5907490,1,250,5
5907491,1,250,6
5907492,1,250,7
5907493,1,250,8
5907494,1,250,9
5907495,1,250,10
5907496,1,250,11
5907497,1,250,12
5907498,1,240,1
5907499,1,240,2
5907500,1,240,3
5907501,1,240,4
5907502,1,240,5
5907503,1,240,6
5907504,1,240,7
5907505,1,240,8
5907506,1,240,9
5907507,1,240,10
5907508,1,240,11
5907509,1,240,12
5907511,1,271,1
5907512,1,271,2
5907513,1,271,3
5907514,1,269,1
5907515,1,245,1
5907516,1,271,4
5907517,1,245,2
5907518,1,269,2
5907519,1,269,3
5907520,1,245,3
5907521,1,271,5
5907522,1,245,4
5907523,1,271,6
5907524,1,269,4
5907525,1,271,7
5907526,1,245,5
5907527,1,245,6
5907528,1,271,8
5907529,1,245,7
5907530,1,245,8
5907531,1,271,9
5907532,1,271,10
5907533,1,271,11
5907534,1,245,9
5907535,1,269,5
5907536,1,271,12
5907537,1,271,13
5907538,1,245,10
5907539,1,269,6
5907540,1,245,11
5907541,1,245,12
5907542,1,245,13
5907543,1,271,14
5907544,1,271,15
5907545,1,271,16
5907546,1,271,17
5907547,1,245,14
5907548,1,245,15
5907549,1,221,1
5907550,1,221,2
5907551,1,221,3
5907552,1,221,4
5907553,1,240,4
5907554,1,240,3
5907555,1,240,2
5907556,1,240,1
5907557,1,245,2
5907558,1,245,3
5907559,1,245,4
5907560,1,245,1
5907561,1,245,5
5907562,1,240,6
5907563,1,221,5
5907564,1,240,5
5907565,1,208,1
5907566,1,225,1
5907567,1,225,2
5907568,1,225,3
5907569,1,250,1
5907570,1,250,2
5907571,1,250,3
5907572,1,250,4
5907573,1,230,1
5907574,1,230,2
5907575,1,230,3
5907576,1,239,1
5907577,1,239,2
5907578,1,239,3
5907579,1,239,4
5907580,1,250,5
5907581,1,226,1
5907582,1,226,2
5907583,1,226,3
5907584,1,271,1
5907585,1,271,2
5907586,1,271,3
5907587,1,271,6
5907588,1,271,4
5907589,1,271,7
5907590,1,271,5
5907591,1,672,1
5907592,1,672,2
5907593,1,672,3
5907594,1,672,4
5907595,1,672,5
5907596,1,672,6
5907597,1,672,8
5907598,1,672,7
5907599,1,522,1
5907600,1,522,2
5907601,1,522,3
5907602,1,522,4
5907603,1,522,5
5907604,1,522,6
5907605,1,522,7
5907606,1,542,1
5907607,1,542,2
5907608,1,542,4
5907609,1,545,1
5907610,1,545,2
5907611,1,545,3
5907612,1,545,4
5907613,1,545,5
5907614,1,545,6
5907615,1,545,7
5907616,1,550,1
5907617,1,550,2
5907618,1,550,3
5907619,1,550,4
5907620,1,550,5
5907621,1,550,6
5907622,1,550,7
5907623,1,550,8
5907624,1,550,9
5907625,1,554,1
5907626,1,554,2
5907627,1,554,3
5907628,1,554,4
5907629,1,554,5
5907630,1,542,3
5907631,1,255,1
5907632,1,255,2
5907633,1,255,3
5907634,1,255,4
5907635,1,255,5
5907636,1,255,6
5907637,1,255,7
5907638,1,255,8
5907639,1,255,9
5907640,1,255,10
5907641,1,672,1
5907642,1,672,2
5907643,1,672,3
5907644,1,672,4
5907645,1,672,5
5907646,1,672,6
5907647,1,672,7
5907648,1,522,1
5907649,1,522,2
5907650,1,522,3
5907651,1,522,4
5907652,1,522,5
5907653,1,522,6
5907654,1,522,7
5907655,1,542,1
5907656,1,542,2
5907657,1,542,4
5907658,1,545,1
5907659,1,545,2
5907660,1,545,3
5907661,1,545,4
5907662,1,545,5
5907663,1,545,6
5907664,1,550,1
5907665,1,550,2
5907666,1,550,3
5907667,1,550,4
5907668,1,550,5
5907669,1,554,1
5907670,1,554,2
5907671,1,554,3
5907672,1,554,4
5907673,1,554,5
5907674,1,542,3
5907675,1,255,1
5907676,1,255,2
5907677,1,255,3
5907678,1,255,4
5907679,1,255,5
5907680,1,255,6
5907681,1,255,7
5907682,1,255,8
5907683,1,255,9
5907684,1,255,10
5907686,1,257,9
5907687,1,257,6
5907688,1,257,7
5907689,1,218,7
5907690,1,218,8
5907691,1,218,9
5907692,1,218,11
5907693,1,218,14
5907694,1,257,1
5907695,1,257,3
5907696,1,311,2
5907697,1,311,1
5907698,1,311,3
5907699,1,311,4
5907700,1,311,7
5907701,1,311,10
5907702,1,311,11
5907703,1,311,12
5907704,1,311,13
5907705,1,311,9
5907706,1,311,5
5907707,1,257,4
5907708,1,218,6
5907709,1,218,1
5907710,1,218,5
5907711,1,218,2
5907719,1,672,1
5907720,1,672,2
5907721,1,672,3
5907722,1,672,4
5907723,1,672,6
5907724,1,672,7
5907725,1,672,9
5907726,1,672,11
5907727,1,672,12
5907728,1,672,14
5907729,1,672,15
5907730,1,672,13
5907731,1,672,16
5907732,1,672,17
5907733,1,672,18
5907734,1,311,8
5907735,1,672,10
5907736,1,672,5
5907737,1,672,8
5907739,1,218,12
5907740,1,311,14
5907742,1,257,8
5907743,1,212,1
5907744,1,212,2
5907745,1,212,3
5907746,1,212,4
5907747,1,218,4
5907748,1,212,7
5907749,1,212,8
5907750,1,212,9
5907751,1,212,10
5907752,1,212,11
5907753,1,212,12
5907754,1,212,13
5907755,1,212,5
5907757,1,212,6
5907758,1,257,2
5907759,1,218,3
5907760,1,218,13
5907762,1,554,2
5907763,1,550,1
5907764,1,545,2
5907765,1,550,2
5907766,1,550,3
5907767,1,542,1
5907768,1,545,3
5907769,1,545,4
5907770,1,550,4
5907771,1,554,4
5907772,1,542,2
5907773,1,545,6
5907774,1,550,5
5907775,1,554,5
5907776,1,545,7
5907777,1,542,3
5907778,1,545,9
5907779,1,550,6
5907780,1,542,4
5907781,1,550,8
5907782,1,545,10
5907783,1,554,7
5907784,1,545,15
5907785,1,554,8
5907786,1,545,16
5907787,1,545,17
5907788,1,550,11
5907789,1,554,9
5907790,1,554,10
5907791,1,545,20
5907792,1,542,7
5907793,1,545,22
5907794,1,554,11
5907795,1,550,17
5907796,1,545,24
5907797,1,550,18
5907798,1,550,19
5907799,1,542,8
5907800,1,550,21
5907801,1,545,26
5907802,1,542,9
5907803,1,550,23
5907804,1,554,12
5907805,1,545,29
5907806,1,545,30
5907807,1,554,13
5907808,1,257,5
5907809,1,311,6
5907810,1,550,7
5907811,1,550,20
5907812,1,550,16
5907813,1,550,12
5907814,1,311,18
5907815,1,311,17
5907816,1,212,14
5907817,1,550,9
5907818,1,550,15
5907819,1,550,10
5907820,1,554,14
5907821,1,311,15
5907823,1,311,16
5907824,1,311,19
5907825,1,255,1
5907826,1,255,2
5907827,1,255,3
5907828,1,255,4
5907829,1,255,5
5907830,1,255,6
5907831,1,255,7
5907832,1,255,8
5907833,1,255,9
5907834,1,271,22
5907835,1,255,10
5907836,1,255,11
5907837,1,255,12
5907838,1,255,13
5907839,1,255,14
5907840,1,255,15
5907841,1,255,16
5907842,1,255,17
5907843,1,255,18
5907844,1,255,19
5907845,1,255,20
5907846,1,255,21
5907847,1,255,23
5907848,1,255,24
5907849,1,255,25
5907850,1,218,10
5907851,1,257,10
5907852,1,545,8
5907853,1,545,19
5907854,1,542,6
5907855,1,550,13
5907856,1,550,14
5907857,1,550,22
5907858,1,550,24
5907859,1,542,5
5907860,1,554,1
5907861,1,522,1
5907862,1,522,17
5907863,1,522,2
5907864,1,522,19
5907865,1,554,3
5907866,1,545,1
5907867,1,522,3
5907868,1,522,20
5907869,1,522,4
5907870,1,522,24
5907871,1,545,5
5907872,1,522,5
5907873,1,522,23
5907874,1,522,6
5907875,1,522,12
5907876,1,522,21
5907877,1,554,6
5907878,1,522,22
5907879,1,522,14
5907880,1,522,7
5907881,1,522,8
5907882,1,545,12
5907883,1,545,11
5907884,1,545,13
5907885,1,522,9
5907886,1,522,18
5907887,1,545,14
5907888,1,522,10
5907889,1,545,18
5907890,1,545,21
5907891,1,522,11
5907892,1,522,13
5907893,1,522,16
5907894,1,545,23
5907895,1,522,25
5907896,1,522,15
5907897,1,545,27
5907898,1,545,31
5907899,1,545,25
5907900,1,545,28
5907901,1,255,22
5907902,1,271,20
5907903,1,271,21
5907904,1,271,23
5907905,1,271,24
5907906,1,271,25
5907907,1,271,26
5907908,1,271,27
5907934,1,96,1
5907935,1,96,2
5907936,1,96,4
5907937,1,96,3
5907938,1,96,1
5907939,1,96,2
5907940,1,96,3
5907941,1,96,1
5907942,1,96,6
5907943,1,96,2
5907944,1,96,3
5907945,1,96,5
5907946,1,96,4
5907948,1,599,5
5907949,1,599,6
5907950,1,599,2
5907951,1,599,3
5907952,1,599,4
5907953,1,599,1
5907954,1,599,7
5907955,1,599,8
5907956,1,599,1
5907957,1,599,2
5907958,1,599,3
5907959,1,599,6
5907960,1,599,7
5907961,1,599,8
5907962,1,599,4
5907963,1,599,5
5907964,1,599,5
5907965,1,599,57
5907966,1,599,6
5907967,1,599,55
5907968,1,599,43
5907969,1,599,51
5907970,1,599,47
5907971,1,599,8
5907972,1,599,44
5907973,1,599,52
5907974,1,599,4
5907975,1,599,2
5907976,1,599,3
5907977,1,599,7
5907978,1,599,45
5907979,1,599,56
5907980,1,599,54
5907981,1,599,46
5907982,1,599,53
5907983,1,599,1
5907984,1,599,41
5907985,1,599,42
5907987,1,98,1
5907988,1,98,2
5907989,1,98,1
5907990,1,98,2
5907991,1,98,1
5907992,1,98,2
5907993,1,98,3
5907995,1,111,3
5907996,1,183,3
5907997,1,182,2
5907998,1,111,7
5907999,1,183,1
5908000,1,111,6
5908001,1,111,16
5908002,1,111,13
5908003,1,111,15
5908004,1,182,1
5908005,1,111,12
5908006,1,183,5
5908007,1,111,1
5908008,1,183,6
5908009,1,183,4
5908010,1,111,4
5908011,1,111,8
5908012,1,111,11
5908013,1,182,5
5908014,1,182,3
5908015,1,671,7
5908016,1,671,6
5908017,1,671,5
5908018,1,671,4
5908019,1,671,3
5908020,1,671,2
5908021,1,671,1
5908022,1,193,9
5908023,1,193,8
5908024,1,183,9
5908025,1,193,7
5908026,1,193,5
5908027,1,193,4
5908028,1,193,3
5908029,1,193,2
5908030,1,193,1
5908031,1,111,14
5908032,1,181,3
5908033,1,181,6
5908034,1,181,7
5908035,1,676,12
5908036,1,676,10
5908037,1,676,7
5908038,1,676,8
5908039,1,676,6
5908040,1,676,5
5908041,1,676,4
5908042,1,676,3
5908043,1,676,2
5908044,1,676,1
5908045,1,111,5
5908046,1,193,6
5908047,1,676,11
5908048,1,676,9
5908049,1,671,8
5908050,1,671,11
5908051,1,107,1
5908052,1,107,2
5908053,1,107,4
5908054,1,107,3
5908055,1,107,5
5908056,1,107,6
5908057,1,107,7
5908058,1,107,8
5908059,1,107,9
5908060,1,107,10
5908061,1,107,11
5908062,1,107,14
5908063,1,107,15
5908064,1,107,16
5908065,1,107,17
5908066,1,156,1
5908067,1,156,2
5908068,1,156,3
5908069,1,156,5
5908070,1,183,2
5908071,1,183,7
5908072,1,156,4
5908073,1,676,16
5908074,1,181,5
5908075,1,181,10
5908076,1,181,1
5908077,1,111,2
5908078,1,111,9
5908079,1,111,10
5908080,1,182,6
5908081,1,119,22
5908082,1,119,31
5908083,1,119,21
5908084,1,119,32
5908085,1,156,6
5908086,1,156,7
5908087,1,111,17
5908088,1,107,12
5908089,1,107,13
5908090,1,671,10
5908091,1,671,9
5908092,1,181,4
5908093,1,181,2
5908094,1,181,9
5908095,1,676,14
5908096,1,676,15
5908097,1,676,18
5908098,1,150,2
5908099,1,150,1
5908100,1,101,1
5908101,1,150,3
5908102,1,150,4
5908103,1,101,2
5908104,1,150,16
5908105,1,101,3
5908106,1,150,5
5908107,1,102,6
5908108,1,101,4
5908109,1,102,1
5908110,1,150,6
5908111,1,150,7
5908112,1,101,6
5908113,1,101,21
5908114,1,101,5
5908115,1,150,8
5908116,1,150,18
5908117,1,101,7
5908118,1,150,9
5908119,1,150,11
5908120,1,101,9
5908121,1,102,2
5908122,1,101,8
5908123,1,150,10
5908124,1,101,15
5908125,1,102,3
5908126,1,101,14
5908127,1,150,12
5908128,1,101,10
5908129,1,101,11
5908130,1,150,13
5908131,1,102,5
5908132,1,102,4
5908133,1,101,18
5908134,1,150,17
5908135,1,676,17
5908136,1,101,12
5908137,1,150,14
5908138,1,165,1
5908139,1,165,2
5908140,1,161,3
5908141,1,165,4
5908142,1,165,5
5908143,1,165,6
5908144,1,165,7
5908145,1,165,8
5908146,1,165,12
5908147,1,165,3
5908148,1,182,4
5908149,1,181,8
5908150,1,105,3
5908151,1,105,6
5908152,1,105,2
5908153,1,105,7
5908154,1,105,1
5908155,1,105,4
5908156,1,184,3
5908157,1,184,4
5908158,1,50,5
5908159,1,50,1
5908160,1,50,2
5908161,1,50,3
5908162,1,50,4
5908163,1,50,6
5908164,1,50,7
5908165,1,50,10
5908166,1,50,11
5908167,1,50,12
5908168,1,50,13
5908169,1,162,1
5908170,1,162,2
5908171,1,162,3
5908172,1,162,4
5908173,1,162,5
5908174,1,162,6
5908175,1,162,7
5908176,1,162,8
5908177,1,162,16
5908178,1,162,9
5908179,1,162,10
5908180,1,162,11
5908181,1,162,12
5908182,1,162,13
5908183,1,162,14
5908184,1,162,15
5908185,1,111,18
5908186,1,671,12
5908187,1,165,10
5908188,1,165,11
5908189,1,118,2
5908190,1,118,1
5908191,1,161,1
5908192,1,161,2
5908193,1,161,4
5908194,1,161,5
5908195,1,161,16
5908196,1,161,6
5908197,1,161,17
5908198,1,161,7
5908199,1,161,14
5908200,1,161,8
5908201,1,161,9
5908202,1,161,10
5908203,1,161,11
5908204,1,161,19
5908205,1,160,2
5908206,1,160,3
5908207,1,160,4
5908208,1,160,5
5908209,1,160,6
5908210,1,160,7
5908211,1,160,14
5908212,1,160,8
5908213,1,160,9
5908214,1,160,10
5908215,1,160,11
5908216,1,160,12
5908217,1,160,13
5908218,1,184,2
5908219,1,160,1
5908220,1,184,1
5908221,1,50,8
5908222,1,50,9
5908223,1,161,18
5908224,1,161,15
5908225,1,101,20
5908226,1,101,17
5908227,1,150,19
5908228,1,101,19
5908229,1,161,12
5908230,1,101,13
5908231,1,165,9
5908232,1,150,15
5908233,1,105,5
5908234,1,183,8
5908235,1,181,11
5908236,1,676,13
5908237,1,101,16
5908238,1,161,13
5908239,1,107,1
5908240,1,107,2
5908241,1,107,3
5908242,1,107,4
5908243,1,107,5
5908244,1,107,6
5908245,1,107,7
5908246,1,50,1
5908247,1,50,2
5908248,1,105,2
5908249,1,676,1
5908250,1,676,2
5908251,1,676,3
5908252,1,676,4
5908253,1,676,6
5908254,1,676,8
5908255,1,676,9
5908256,1,156,1
5908257,1,156,2
5908258,1,182,1
5908259,1,182,2
5908260,1,181,1
5908261,1,181,2
5908262,1,181,4
5908263,1,181,3
5908264,1,181,5
5908265,1,671,1
5908266,1,671,2
5908267,1,671,3
5908268,1,671,4
5908269,1,671,5
5908270,1,671,6
5908271,1,671,7
5908272,1,671,8
5908273,1,50,4
5908274,1,50,3
5908275,1,50,5
5908276,1,676,5
5908277,1,676,7
5908278,1,150,1
5908279,1,150,2
5908280,1,150,7
5908281,1,150,3
5908282,1,150,4
5908283,1,150,5
5908284,1,101,1
5908285,1,101,2
5908286,1,150,6
5908287,1,150,8
5908288,1,101,3
5908289,1,150,9
5908290,1,150,10
5908291,1,150,11
5908292,1,101,4
5908293,1,101,5
5908294,1,101,6
5908295,1,150,14
5908296,1,150,13
5908297,1,118,1
5908298,1,105,1
5908299,1,118,2
5908300,1,165,3
5908301,1,165,1
5908302,1,165,2
5908303,1,184,1
5908304,1,184,2
5908305,1,160,1
5908306,1,160,2
5908307,1,160,3
5908308,1,160,4
5908309,1,160,5
5908310,1,671,12
5908311,1,671,11
5908312,1,671,10
5908313,1,671,9
5908314,1,671,15
5908315,1,671,14
5908316,1,671,13
5908317,1,161,2
5908318,1,161,1
5908319,1,161,3
5908320,1,161,5
5908321,1,161,4
5908322,1,161,7
5908323,1,161,6
5908324,1,165,4
5908325,1,150,12
5908326,1,160,6
5908327,1,160,7
5908328,1,105,1
5908329,1,105,2
5908330,1,107,1
5908331,1,107,2
5908332,1,107,3
5908333,1,107,4
5908334,1,107,5
5908335,1,107,6
5908336,1,118,1
5908337,1,156,1
5908338,1,156,2
5908339,1,181,1
5908340,1,181,2
5908341,1,181,3
5908342,1,181,4
5908343,1,181,5
5908344,1,182,2
5908345,1,182,1
5908346,1,676,1
5908347,1,676,2
5908348,1,676,3
5908349,1,676,4
5908350,1,676,6
5908351,1,676,9
5908352,1,676,8
5908353,1,676,7
5908354,1,676,5
5908355,1,50,3
5908356,1,50,5
5908357,1,50,1
5908358,1,50,2
5908359,1,50,4
5908360,1,50,6
5908361,1,150,1
5908362,1,150,2
5908363,1,150,3
5908364,1,150,4
5908365,1,101,1
5908366,1,150,6
5908367,1,150,5
5908368,1,150,7
5908369,1,101,2
5908370,1,150,9
5908371,1,150,8
5908372,1,101,3
5908373,1,150,10
5908374,1,101,4
5908375,1,150,11
5908376,1,101,5
5908377,1,150,12
5908378,1,183,2
5908379,1,118,2
5908380,1,183,3
5908381,1,183,1
5908382,1,184,2
5908383,1,160,1
5908384,1,160,2
5908385,1,160,3
5908386,1,160,4
5908387,1,160,5
5908388,1,150,13
5908389,1,150,14
5908390,1,671,1
5908391,1,671,2
5908392,1,671,3
5908393,1,671,4
5908394,1,671,5
5908395,1,671,6
5908396,1,671,7
5908397,1,671,8
5908398,1,671,9
5908399,1,671,12
5908400,1,671,13
5908401,1,671,14
5908402,1,671,15
5908403,1,671,11
5908404,1,671,10
5908405,1,161,6
5908406,1,161,2
5908407,1,161,4
5908408,1,161,1
5908409,1,161,3
5908410,1,161,5
5908411,1,150,15
5908412,1,184,1
5908413,1,165,2
5908414,1,165,1
5908415,1,165,3
5908416,1,165,5
5908417,1,165,4
5908418,1,165,6
5908419,1,161,8
5908420,1,160,6
5908421,1,161,7
5908422,1,165,7
5908423,1,165,8
5908424,1,161,9
5908426,1,26,1
5908427,1,28,9
5908428,1,28,3
5908429,1,28,10
5908430,1,28,1
5908431,1,28,26
5908432,1,28,2
5908433,1,26,2
5908434,1,28,4
5908435,1,28,32
5908436,1,26,4
5908437,1,26,3
5908438,1,28,6
5908439,1,28,8
5908440,1,26,5
5908441,1,26,6
5908442,1,26,7
5908443,1,26,8
5908444,1,26,10
5908445,1,28,28
5908446,1,28,12
5908447,1,26,11
5908448,1,28,13
5908449,1,26,14
5908450,1,28,15
5908451,1,28,27
5908452,1,26,15
5908453,1,28,30
5908454,1,28,21
5908455,1,28,23
5908456,1,64,7
5908457,1,64,6
5908458,1,64,4
5908459,1,64,3
5908460,1,62,2
5908461,1,62,3
5908462,1,64,1
5908463,1,62,4
5908464,1,62,5
5908465,1,62,6
5908466,1,64,2
5908467,1,62,8
5908468,1,62,1
5908469,1,62,9
5908470,1,62,12
5908471,1,62,11
5908472,1,62,13
5908473,1,62,15
5908474,1,62,16
5908475,1,62,21
5908476,1,62,22
5908477,1,62,24
5908478,1,28,31
5908479,1,124,2
5908480,1,124,3
5908481,1,124,5
5908482,1,28,14
5908483,1,124,18
5908484,1,124,17
5908485,1,62,17
5908486,1,303,1
5908487,1,303,2
5908488,1,303,3
5908489,1,303,4
5908490,1,303,6
5908491,1,303,9
5908492,1,303,11
5908493,1,303,10
5908494,1,26,12
5908495,1,124,15
5908496,1,303,14
5908497,1,26,9
5908498,1,62,10
5908499,1,62,19
5908500,1,62,14
5908501,1,28,18
5908502,1,28,11
5908503,1,28,29
5908504,1,62,20
5908505,1,124,20
5908506,1,303,12
5908507,1,28,17
5908508,1,62,23
5908509,1,125,2
5908510,1,125,1
5908511,1,125,3
5908512,1,125,4
5908513,1,125,5
5908514,1,28,25
5908515,1,26,13
5908516,1,28,24
5908517,1,28,7
5908518,1,125,7
5908519,1,125,6
5908520,1,45,8
5908521,1,45,2
5908522,1,45,3
5908523,1,45,9
5908524,1,45,12
5908525,1,45,5
5908526,1,45,4
5908527,1,45,13
5908528,1,45,6
5908529,1,45,14
5908530,1,45,10
5908531,1,45,7
5908532,1,45,16
5908533,1,45,1
5908534,1,45,11
5908535,1,45,19
5908536,1,45,17
5908537,1,45,20
5908538,1,45,15
5908539,1,124,13
5908540,1,124,9
5908541,1,124,10
5908542,1,124,7
5908543,1,303,5
5908544,1,124,21
5908545,1,124,16
5908546,1,124,6
5908547,1,124,19
5908548,1,27,7
5908549,1,27,5
5908550,1,27,2
5908551,1,27,1
5908552,1,27,6
5908553,1,27,4
5908554,1,28,5
5908555,1,124,14
5908556,1,27,3
5908557,1,303,13
5908558,1,124,1
5908559,1,124,8
5908560,1,124,4
5908561,1,124,12
5908562,1,45,18
5908563,1,26,16
5908564,1,28,22
5908565,1,28,19
5908566,1,28,33
5908567,1,28,20
5908568,1,62,18
5908569,1,62,7
5908570,1,124,11
5908571,1,64,8
5908572,1,303,8
5908573,1,64,5
5908574,1,303,7
5908575,1,28,16
5908576,1,8,16
5908577,1,8,14
5908578,1,8,12
5908579,1,8,11
5908580,1,8,10
5908581,1,8,4
5908582,1,8,15
5908583,1,8,9
5908584,1,8,3
5908585,1,8,8
5908586,1,8,7
5908587,1,8,6
5908588,1,8,5
5908589,1,8,1
5908590,1,8,2
5908591,1,8,13
5908592,1,48,5
5908593,1,48,14
5908594,1,48,15
5908595,1,48,10
5908596,1,48,6
5908597,1,48,11
5908598,1,48,9
5908599,1,48,12
5908600,1,48,4
5908601,1,48,8
5908602,1,48,13
5908603,1,48,2
5908604,1,48,1
5908605,1,48,3
5908606,1,48,7
5908607,1,128,1
5908608,1,128,2
5908609,1,128,3
5908610,1,128,4
5908611,1,128,5
5908612,1,128,6
5908613,1,128,7
5908614,1,128,11
5908615,1,128,13
5908616,1,128,12
5908617,1,128,15
5908618,1,128,14
5908619,1,128,16
5908620,1,128,8
5908621,1,128,10
5908622,1,128,9
5908623,1,124,1
5908624,1,124,3
5908625,1,124,2
5908626,1,124,6
5908627,1,124,4
5908628,1,124,5
5908629,1,48,6
5908630,1,48,7
5908631,1,28,6
5908632,1,28,7
5908633,1,28,5
5908634,1,28,4
5908635,1,28,2
5908636,1,28,1
5908637,1,28,3
5908638,1,26,6
5908639,1,26,7
5908640,1,26,5
5908641,1,26,4
5908642,1,26,3
5908643,1,26,2
5908644,1,26,1
5908645,1,62,1
5908646,1,62,2
5908647,1,62,3
5908648,1,62,4
5908649,1,62,5
5908650,1,62,6
5908651,1,62,8
5908652,1,62,10
5908653,1,26,8
5908654,1,8,1
5908655,1,8,3
5908656,1,8,4
5908657,1,8,5
5908658,1,8,6
5908659,1,8,7
5908660,1,26,10
5908661,1,26,9
5908662,1,28,8
5908663,1,28,9
5908664,1,26,12
5908665,1,26,11
5908666,1,8,2
5908667,1,48,1
5908668,1,48,3
5908669,1,48,4
5908670,1,62,7
5908671,1,62,9
5908672,1,62,11
5908673,1,48,2
5908674,1,48,5
5908675,1,128,8
5908676,1,128,12
5908677,1,128,11
5908678,1,128,10
5908679,1,128,9
5908680,1,128,7
5908681,1,128,6
5908682,1,128,4
5908683,1,45,2
5908684,1,45,1
5908685,1,45,3
5908686,1,45,4
5908687,1,45,5
5908688,1,45,6
5908689,1,128,1
5908690,1,128,3
5908691,1,128,2
5908692,1,128,5
5908693,1,27,2
5908694,1,27,1
5908695,1,27,3
5908696,1,124,7
5908697,1,124,4
5908698,1,124,7
5908699,1,28,7
5908700,1,28,1
5908701,1,28,2
5908702,1,26,2
5908703,1,26,6
5908704,1,28,6
5908705,1,28,5
5908706,1,26,1
5908707,1,28,4
5908708,1,26,5
5908709,1,26,4
5908710,1,26,3
5908711,1,28,3
5908712,1,26,7
5908713,1,8,1
5908714,1,8,2
5908715,1,8,3
5908716,1,8,4
5908717,1,8,5
5908718,1,8,6
5908719,1,8,7
5908720,1,62,1
5908721,1,62,2
5908722,1,62,3
5908723,1,62,4
5908724,1,62,6
5908725,1,62,5
5908726,1,62,7
5908727,1,62,8
5908728,1,62,9
5908729,1,62,10
5908730,1,62,11
5908731,1,26,8
5908732,1,8,10
5908733,1,26,13
5908734,1,26,14
5908735,1,26,9
5908736,1,26,10
5908737,1,26,15
5908738,1,26,12
5908739,1,26,11
5908740,1,125,1
5908741,1,125,2
5908742,1,28,8
5908743,1,8,8
5908744,1,8,9
5908745,1,128,9
5908746,1,128,10
5908747,1,128,11
5908748,1,128,5
5908749,1,128,7
5908750,1,128,6
5908751,1,128,12
5908752,1,128,8
5908753,1,45,1
5908754,1,45,2
5908755,1,45,3
5908756,1,45,4
5908757,1,45,5
5908758,1,45,6
5908759,1,45,7
5908760,1,45,8
5908761,1,128,1
5908762,1,128,2
5908763,1,128,3
5908764,1,128,4
5908765,1,124,1
5908766,1,124,2
5908767,1,124,5
5908768,1,48,7
5908769,1,48,3
5908770,1,48,1
5908771,1,48,2
5908772,1,48,4
5908773,1,48,6
5908774,1,48,5
5908775,1,27,2
5908776,1,27,1
5908777,1,27,3
5908778,1,27,4
5908779,1,27,5
5908780,1,124,6
5908781,1,124,3
5908783,1,301,1
5908784,1,373,2
5908785,1,301,2
5908786,1,301,5
5908787,1,301,6
5908788,1,301,10
5908789,1,301,12
5908790,1,301,13
5908791,1,372,5
5908792,1,304,1
5908793,1,304,3
5908794,1,304,4
5908795,1,304,5
5908796,1,304,6
5908797,1,330,1
5908798,1,331,1
5908799,1,331,2
5908800,1,331,4
5908801,1,331,3
5908802,1,331,7
5908803,1,331,8
5908804,1,331,6
5908805,1,331,9
5908806,1,346,1
5908807,1,346,2
5908808,1,346,3
5908809,1,346,4
5908810,1,346,5
5908811,1,346,6
5908812,1,372,1
5908813,1,372,3
5908814,1,372,4
5908815,1,372,6
5908816,1,372,7
5908817,1,372,9
5908818,1,372,10
5908819,1,372,18
5908820,1,372,21
5908821,1,372,22
5908822,1,372,23
5908823,1,372,26
5908824,1,372,27
5908825,1,373,3
5908826,1,73,1
5908827,1,73,2
5908828,1,73,3
5908829,1,373,5
5908830,1,304,2
5908831,1,301,14
5908832,1,372,24
5908833,1,372,28
5908834,1,372,13
5908835,1,372,14
5908836,1,372,16
5908837,1,331,5
5908838,1,373,7
5908839,1,373,6
5908840,1,373,9
5908841,1,373,1
5908842,1,373,8
5908843,1,373,4
5908844,1,372,11
5908845,1,372,12
5908846,1,372,2
5908847,1,41,1
5908848,1,41,2
5908849,1,41,3
5908850,1,41,4
5908851,1,41,5
5908852,1,41,7
5908853,1,41,6
5908854,1,41,8
5908855,1,41,9
5908856,1,41,10
5908857,1,41,30
5908858,1,41,11
5908859,1,41,22
5908860,1,41,12
5908861,1,41,13
5908862,1,41,14
5908863,1,301,15
5908864,1,41,25
5908865,1,41,15
5908866,1,41,24
5908867,1,41,31
5908868,1,41,21
5908869,1,41,20
5908870,1,41,29
5908871,1,41,26
5908872,1,41,18
5908873,1,41,23
5908874,1,41,28
5908875,1,41,27
5908876,1,41,19
5908877,1,346,7
5908878,1,372,8
5908879,1,372,25
5908880,1,41,32
5908881,1,75,14
5908882,1,41,16
5908883,1,41,17
5908884,1,331,10
5908885,1,372,20
5908886,1,41,33
5908887,1,75,1
5908888,1,75,2
5908889,1,75,3
5908890,1,75,6
5908891,1,75,7
5908892,1,75,4
5908893,1,75,5
5908894,1,75,8
5908895,1,75,10
5908896,1,75,9
5908897,1,75,11
5908898,1,75,12
5908899,1,75,13
5908900,1,75,17
5908901,1,75,18
5908902,1,75,16
5908903,1,75,15
5908904,1,372,17
5908905,1,372,15
5908906,1,65,1
5908907,1,65,2
5908908,1,65,3
5908909,1,65,4
5908910,1,65,5
5908911,1,65,6
5908912,1,65,7
5908913,1,65,8
5908914,1,65,9
5908915,1,65,10
5908916,1,65,12
5908917,1,65,11
5908918,1,65,13
5908919,1,65,14
5908920,1,301,4
5908921,1,372,19
5908922,1,301,11
5908923,1,301,3
5908924,1,301,8
5908925,1,301,7
5908926,1,75,1
5908927,1,75,2
5908928,1,75,3
5908929,1,75,5
5908930,1,75,6
5908931,1,73,2
5908932,1,331,1
5908933,1,331,3
5908934,1,331,4
5908935,1,331,5
5908936,1,331,7
5908937,1,331,8
5908938,1,331,9
5908939,1,331,10
5908940,1,75,7
5908941,1,75,8
5908942,1,331,6
5908943,1,331,2
5908944,1,41,2
5908945,1,41,1
5908946,1,41,3
5908947,1,41,5
5908948,1,41,4
5908949,1,41,6
5908950,1,41,8
5908951,1,41,9
5908952,1,41,10
5908953,1,65,2
5908954,1,65,1
5908955,1,65,4
5908956,1,65,3
5908957,1,75,4
5908958,1,65,6
5908959,1,65,7
5908960,1,41,7
5908961,1,65,8
5908962,1,41,11
5908963,1,41,12
5908964,1,73,3
5908965,1,65,10
5908966,1,65,5
5908967,1,65,9
5908968,1,73,1
5908969,1,65,11
5908970,1,372,1
5908971,1,372,2
5908972,1,372,3
5908973,1,65,12
5908974,1,75,4
5908975,1,75,3
5908976,1,75,1
5908977,1,75,2
5908978,1,75,5
5908979,1,75,6
5908980,1,73,1
5908981,1,73,2
5908982,1,73,3
5908983,1,331,1
5908984,1,331,2
5908985,1,331,3
5908986,1,331,4
5908987,1,331,5
5908988,1,331,6
5908989,1,331,8
5908990,1,331,9
5908991,1,346,1
5908992,1,346,2
5908993,1,346,3
5908994,1,346,4
5908995,1,346,5
5908996,1,346,6
5908997,1,372,1
5908998,1,372,2
5908999,1,65,3
5909000,1,65,1
5909001,1,65,2
5909002,1,65,6
5909003,1,331,7
5909004,1,65,10
5909005,1,331,10
5909006,1,65,7
5909007,1,65,4
5909008,1,65,5
5909009,1,372,3
5909010,1,65,8
5909011,1,65,11
5909012,1,65,9
5909013,1,65,12
5909014,1,41,2
5909015,1,41,1
5909016,1,41,11
5909017,1,41,3
5909018,1,41,13
5909019,1,41,5
5909020,1,41,4
5909021,1,41,6
5909022,1,41,7
5909023,1,41,8
5909024,1,41,9
5909025,1,41,10
5909026,1,75,7
5909365,1,930,1
5909366,1,930,2
5909367,1,930,3
5909368,1,975,1
5909369,1,975,2
5909370,1,973,1
5909371,1,907,1
5909372,1,773,1
5909373,1,775,1
5909374,1,629,1
5909375,1,629,2
5909376,1,204,2
5909377,1,204,1
5909378,1,204,3
5909379,1,224,1
5909380,1,635,1
5909381,1,635,2
5909382,1,627,1
5909383,1,635,3
5909384,1,903,1
5909385,1,903,2
5909386,1,903,3
5909387,1,903,4
5909388,1,903,6
5909389,1,903,5
5909391,1,906,2
5909392,1,906,1
5909393,1,906,5
5909394,1,906,8
5909395,1,906,3
5909396,1,906,6
5909397,1,906,7
5909398,1,906,4
5909399,1,914,1
5909400,1,914,2
5909401,1,914,3
5909402,1,915,2
5909403,1,915,1
5909404,1,915,3
5909405,1,915,4
5909406,1,915,5
5909407,1,917,1
5909408,1,917,2
5909409,1,773,2
5909410,1,775,2
5909411,1,973,2
5909412,1,907,2
5909413,1,631,1
5909414,1,631,2
5909415,1,915,1
5909416,1,906,1
5909417,1,906,2
5909418,1,903,2
5909419,1,903,1
5909420,1,635,1
5909422,1,914,1
5909423,1,914,2
5909424,1,917,1
5909425,1,903,1
5909426,1,903,2
5909428,1,906,1
5909429,1,906,2
5909430,1,917,1
5922745,1,673,1
